1.000   0.363   0.365   0.232   0.264   0.204   0.224   0.213   0.312   0.216   0.269   0.418  
0.363   1.000   0.743   0.474   0.499   0.333   0.363   0.472   0.491   0.496   0.489   0.596  
0.365   0.743   1.000   0.311   0.313   0.160   0.201   0.285   0.408   0.286   0.326   0.463  
0.232   0.474   0.311   1.000   0.463   0.387   0.332   0.474   0.322   0.482   0.580   0.618  
0.264   0.499   0.313   0.463   1.000   0.368   0.381   0.442   0.492   0.483   0.454   0.550  
0.204   0.333   0.160   0.387   0.368   1.000   0.344   0.312   0.189   0.307   0.389   0.362  
0.224   0.363   0.201   0.332   0.381   0.344   1.000   0.316   0.247   0.330   0.498   0.334  
0.213   0.472   0.285   0.474   0.442   0.312   0.316   1.000   0.332   0.474   0.471   0.589  
0.312   0.491   0.408   0.322   0.492   0.189   0.247   0.332   1.000   0.316   0.341   0.463  
0.216   0.496   0.286   0.482   0.483   0.307   0.330   0.474   0.316   1.000   0.423   0.571  
0.269   0.489   0.326   0.580   0.454   0.389   0.498   0.471   0.341   0.423   1.000   0.549  
0.418   0.596   0.463   0.618   0.550   0.362   0.334   0.589   0.463   0.571   0.549   1.000  
